s (1,1) 3
s (2,1) 19
s (3,1) 20
s (4,1) 10
s (5,1) 9
s (6,1) 10
s (7,1) 12
s (8,1) 2
(1,1) (1,2) 11
(2,1) (2,2) 8
(3,1) (3,2) 13
(4,1) (4,2) 3
(5,1) (5,2) 14
(6,1) (6,2) 5
(7,1) (7,2) 14
(8,1) (8,2) 18
(1,2) (1,3) 17
(2,2) (2,3) 3
(3,2) (3,3) 20
(4,2) (4,3) 6
(5,2) (5,3) 20
(6,2) (6,3) 15
(7,2) (7,3) 1
(8,2) (8,3) 18
(1,3) (1,4) 12
(2,3) (2,4) 17
(3,3) (3,4) 13
(4,3) (4,4) 6
(5,3) (5,4) 7
(6,3) (6,4) 11
(7,3) (7,4) 20
(8,3) (8,4) 13
(1,4) (1,5) 8
(2,4) (2,5) 17
(3,4) (3,5) 18
(4,4) (4,5) 16
(5,4) (5,5) 18
(6,4) (6,5) 12
(7,4) (7,5) 10
(8,4) (8,5) 15
(1,5) (1,6) 12
(2,5) (2,6) 5
(3,5) (3,6) 18
(4,5) (4,6) 6
(5,5) (5,6) 16
(6,5) (6,6) 11
(7,5) (7,6) 13
(8,5) (8,6) 2
(1,6) (1,7) 18
(2,6) (2,7) 1
(3,6) (3,7) 20
(4,6) (4,7) 14
(5,6) (5,7) 2
(6,6) (6,7) 3
(7,6) (7,7) 15
(8,6) (8,7) 16
(1,7) (1,8) 15
(2,7) (2,8) 13
(3,7) (3,8) 17
(4,7) (4,8) 13
(5,7) (5,8) 10
(6,7) (6,8) 12
(7,7) (7,8) 3
(8,7) (8,8) 14
(1,1) (2,1) 2
(2,1) (1,1) 8
(2,1) (3,1) 9
(3,1) (2,1) 18
(3,1) (4,1) 13
(4,1) (3,1) 9
(4,1) (5,1) 18
(5,1) (4,1) 1
(5,1) (6,1) 12
(6,1) (5,1) 8
(6,1) (7,1) 17
(7,1) (6,1) 18
(7,1) (8,1) 2
(8,1) (7,1) 7
(1,2) (2,2) 2
(2,2) (1,2) 5
(2,2) (3,2) 19
(3,2) (2,2) 19
(3,2) (4,2) 20
(4,2) (3,2) 15
(4,2) (5,2) 16
(5,2) (4,2) 10
(5,2) (6,2) 6
(6,2) (5,2) 15
(6,2) (7,2) 18
(7,2) (6,2) 13
(7,2) (8,2) 20
(8,2) (7,2) 7
(1,3) (2,3) 3
(2,3) (1,3) 3
(2,3) (3,3) 19
(3,3) (2,3) 4
(3,3) (4,3) 6
(4,3) (3,3) 12
(4,3) (5,3) 17
(5,3) (4,3) 3
(5,3) (6,3) 15
(6,3) (5,3) 10
(6,3) (7,3) 16
(7,3) (6,3) 10
(7,3) (8,3) 20
(8,3) (7,3) 14
(1,4) (2,4) 7
(2,4) (1,4) 15
(2,4) (3,4) 11
(3,4) (2,4) 3
(3,4) (4,4) 14
(4,4) (3,4) 19
(4,4) (5,4) 11
(5,4) (4,4) 4
(5,4) (6,4) 18
(6,4) (5,4) 6
(6,4) (7,4) 19
(7,4) (6,4) 7
(7,4) (8,4) 16
(8,4) (7,4) 15
(1,5) (2,5) 10
(2,5) (1,5) 2
(2,5) (3,5) 16
(3,5) (2,5) 15
(3,5) (4,5) 6
(4,5) (3,5) 9
(4,5) (5,5) 12
(5,5) (4,5) 8
(5,5) (6,5) 20
(6,5) (5,5) 18
(6,5) (7,5) 3
(7,5) (6,5) 4
(7,5) (8,5) 16
(8,5) (7,5) 15
(1,6) (2,6) 12
(2,6) (1,6) 17
(2,6) (3,6) 14
(3,6) (2,6) 15
(3,6) (4,6) 14
(4,6) (3,6) 16
(4,6) (5,6) 16
(5,6) (4,6) 12
(5,6) (6,6) 17
(6,6) (5,6) 13
(6,6) (7,6) 4
(7,6) (6,6) 16
(7,6) (8,6) 12
(8,6) (7,6) 2
(1,7) (2,7) 18
(2,7) (1,7) 9
(2,7) (3,7) 2
(3,7) (2,7) 18
(3,7) (4,7) 3
(4,7) (3,7) 3
(4,7) (5,7) 5
(5,7) (4,7) 2
(5,7) (6,7) 5
(6,7) (5,7) 2
(6,7) (7,7) 5
(7,7) (6,7) 8
(7,7) (8,7) 4
(8,7) (7,7) 14
(1,8) (2,8) 2
(2,8) (1,8) 1
(2,8) (3,8) 3
(3,8) (2,8) 16
(3,8) (4,8) 1
(4,8) (3,8) 5
(4,8) (5,8) 19
(5,8) (4,8) 6
(5,8) (6,8) 16
(6,8) (5,8) 2
(6,8) (7,8) 8
(7,8) (6,8) 6
(7,8) (8,8) 18
(8,8) (7,8) 17
(1,8) t 8
(2,8) t 7
(3,8) t 13
(4,8) t 16
(5,8) t 6
(6,8) t 14
(7,8) t 12
(8,8) t 9
