s (1,1) 97
s (2,1) 56
s (3,1) 25
s (4,1) 63
s (5,1) 80
s (6,1) 95
s (7,1) 57
s (8,1) 10
s (9,1) 89
s (10,1) 88
(1,1) (1,2) 88
(2,1) (2,2) 28
(3,1) (3,2) 71
(4,1) (4,2) 53
(5,1) (5,2) 76
(6,1) (6,2) 94
(7,1) (7,2) 4
(8,1) (8,2) 39
(9,1) (9,2) 58
(10,1) (10,2) 76
(1,2) (1,3) 49
(2,2) (2,3) 19
(3,2) (3,3) 4
(4,2) (4,3) 52
(5,2) (5,3) 28
(6,2) (6,3) 4
(7,2) (7,3) 88
(8,2) (8,3) 76
(9,2) (9,3) 25
(10,2) (10,3) 32
(1,3) (1,4) 41
(2,3) (2,4) 14
(3,3) (3,4) 99
(4,3) (4,4) 34
(5,3) (5,4) 17
(6,3) (6,4) 89
(7,3) (7,4) 46
(8,3) (8,4) 10
(9,3) (9,4) 74
(10,3) (10,4) 58
(1,4) (1,5) 82
(2,4) (2,5) 71
(3,4) (3,5) 75
(4,4) (4,5) 25
(5,4) (5,5) 36
(6,4) (6,5) 66
(7,4) (7,5) 72
(8,4) (8,5) 70
(9,4) (9,5) 17
(10,4) (10,5) 22
(1,5) (1,6) 42
(2,5) (2,6) 5
(3,5) (3,6) 13
(4,5) (4,6) 26
(5,5) (5,6) 41
(6,5) (6,6) 90
(7,5) (7,6) 41
(8,5) (8,6) 47
(9,5) (9,6) 75
(10,5) (10,6) 13
(1,6) (1,7) 36
(2,6) (2,7) 39
(3,6) (3,7) 57
(4,6) (4,7) 26
(5,6) (5,7) 20
(6,6) (6,7) 96
(7,6) (7,7) 18
(8,6) (8,7) 96
(9,6) (9,7) 5
(10,6) (10,7) 68
(1,7) (1,8) 56
(2,7) (2,8) 22
(3,7) (3,8) 32
(4,7) (4,8) 27
(5,7) (5,8) 16
(6,7) (6,8) 15
(7,7) (7,8) 42
(8,7) (8,8) 95
(9,7) (9,8) 50
(10,7) (10,8) 23
(1,8) (1,9) 40
(2,8) (2,9) 96
(3,8) (3,9) 22
(4,8) (4,9) 47
(5,8) (5,9) 19
(6,8) (6,9) 5
(7,8) (7,9) 73
(8,8) (8,9) 64
(9,8) (9,9) 49
(10,8) (10,9) 69
(1,9) (1,10) 3
(2,9) (2,10) 93
(3,9) (3,10) 50
(4,9) (4,10) 87
(5,9) (5,10) 23
(6,9) (6,10) 8
(7,9) (7,10) 42
(8,9) (8,10) 82
(9,9) (9,10) 89
(10,9) (10,10) 24
(1,1) (2,1) 100
(2,1) (1,1) 49
(2,1) (3,1) 68
(3,1) (2,1) 28
(3,1) (4,1) 24
(4,1) (3,1) 8
(4,1) (5,1) 23
(5,1) (4,1) 43
(5,1) (6,1) 37
(6,1) (5,1) 67
(6,1) (7,1) 91
(7,1) (6,1) 99
(7,1) (8,1) 77
(8,1) (7,1) 79
(8,1) (9,1) 52
(9,1) (8,1) 100
(9,1) (10,1) 99
(10,1) (9,1) 12
(1,2) (2,2) 50
(2,2) (1,2) 27
(2,2) (3,2) 16
(3,2) (2,2) 23
(3,2) (4,2) 30
(4,2) (3,2) 89
(4,2) (5,2) 84
(5,2) (4,2) 21
(5,2) (6,2) 40
(6,2) (5,2) 95
(6,2) (7,2) 47
(7,2) (6,2) 4
(7,2) (8,2) 60
(8,2) (7,2) 47
(8,2) (9,2) 83
(9,2) (8,2) 16
(9,2) (10,2) 42
(10,2) (9,2) 17
(1,3) (2,3) 75
(2,3) (1,3) 59
(2,3) (3,3) 84
(3,3) (2,3) 51
(3,3) (4,3) 58
(4,3) (3,3) 71
(4,3) (5,3) 98
(5,3) (4,3) 87
(5,3) (6,3) 52
(6,3) (5,3) 69
(6,3) (7,3) 41
(7,3) (6,3) 92
(7,3) (8,3) 74
(8,3) (7,3) 12
(8,3) (9,3) 5
(9,3) (8,3) 84
(9,3) (10,3) 14
(10,3) (9,3) 83
(1,4) (2,4) 70
(2,4) (1,4) 36
(2,4) (3,4) 25
(3,4) (2,4) 12
(3,4) (4,4) 18
(4,4) (3,4) 89
(4,4) (5,4) 56
(5,4) (4,4) 50
(5,4) (6,4) 64
(6,4) (5,4) 88
(6,4) (7,4) 14
(7,4) (6,4) 50
(7,4) (8,4) 65
(8,4) (7,4) 65
(8,4) (9,4) 32
(9,4) (8,4) 22
(9,4) (10,4) 83
(10,4) (9,4) 26
(1,5) (2,5) 16
(2,5) (1,5) 7
(2,5) (3,5) 28
(3,5) (2,5) 55
(3,5) (4,5) 16
(4,5) (3,5) 13
(4,5) (5,5) 65
(5,5) (4,5) 10
(5,5) (6,5) 95
(6,5) (5,5) 37
(6,5) (7,5) 84
(7,5) (6,5) 81
(7,5) (8,5) 30
(8,5) (7,5) 43
(8,5) (9,5) 98
(9,5) (8,5) 15
(9,5) (10,5) 97
(10,5) (9,5) 38
(1,6) (2,6) 29
(2,6) (1,6) 64
(2,6) (3,6) 89
(3,6) (2,6) 69
(3,6) (4,6) 29
(4,6) (3,6) 8
(4,6) (5,6) 78
(5,6) (4,6) 55
(5,6) (6,6) 69
(6,6) (5,6) 16
(6,6) (7,6) 57
(7,6) (6,6) 83
(7,6) (8,6) 9
(8,6) (7,6) 62
(8,6) (9,6) 71
(9,6) (8,6) 10
(9,6) (10,6) 17
(10,6) (9,6) 83
(1,7) (2,7) 91
(2,7) (1,7) 15
(2,7) (3,7) 45
(3,7) (2,7) 58
(3,7) (4,7) 74
(4,7) (3,7) 23
(4,7) (5,7) 23
(5,7) (4,7) 67
(5,7) (6,7) 2
(6,7) (5,7) 53
(6,7) (7,7) 5
(7,7) (6,7) 69
(7,7) (8,7) 16
(8,7) (7,7) 8
(8,7) (9,7) 24
(9,7) (8,7) 57
(9,7) (10,7) 66
(10,7) (9,7) 39
(1,8) (2,8) 72
(2,8) (1,8) 45
(2,8) (3,8) 53
(3,8) (2,8) 46
(3,8) (4,8) 15
(4,8) (3,8) 38
(4,8) (5,8) 56
(5,8) (4,8) 65
(5,8) (6,8) 4
(6,8) (5,8) 11
(6,8) (7,8) 60
(7,8) (6,8) 66
(7,8) (8,8) 60
(8,8) (7,8) 62
(8,8) (9,8) 75
(9,8) (8,8) 19
(9,8) (10,8) 7
(10,8) (9,8) 60
(1,9) (2,9) 92
(2,9) (1,9) 25
(2,9) (3,9) 49
(3,9) (2,9) 77
(3,9) (4,9) 96
(4,9) (3,9) 79
(4,9) (5,9) 25
(5,9) (4,9) 82
(5,9) (6,9) 71
(6,9) (5,9) 81
(6,9) (7,9) 100
(7,9) (6,9) 33
(7,9) (8,9) 46
(8,9) (7,9) 18
(8,9) (9,9) 3
(9,9) (8,9) 42
(9,9) (10,9) 82
(10,9) (9,9) 100
(1,10) (2,10) 91
(2,10) (1,10) 31
(2,10) (3,10) 7
(3,10) (2,10) 36
(3,10) (4,10) 65
(4,10) (3,10) 9
(4,10) (5,10) 54
(5,10) (4,10) 56
(5,10) (6,10) 69
(6,10) (5,10) 6
(6,10) (7,10) 37
(7,10) (6,10) 2
(7,10) (8,10) 8
(8,10) (7,10) 37
(8,10) (9,10) 72
(9,10) (8,10) 88
(9,10) (10,10) 75
(10,10) (9,10) 97
(1,10) t 45
(2,10) t 36
(3,10) t 21
(4,10) t 75
(5,10) t 53
(6,10) t 27
(7,10) t 84
(8,10) t 94
(9,10) t 14
(10,10) t 81
