s 1 39
s 5 46
s 7 10
s 9 45
s 11 16
s 12 41
s 13 43
s 14 31
s 15 22
s 16 43
s 17 25
s 18 10
1 2 26
1 4 27
1 5 19
1 7 3
1 8 20
1 9 3
1 10 38
1 11 33
1 12 22
1 13 22
1 15 4
1 16 33
1 17 38
1 18 32
2 1 26
2 3 21
2 5 41
2 6 37
2 7 1
2 9 41
2 10 20
2 12 21
2 13 28
2 15 13
2 16 17
2 17 11
2 18 29
3 2 21
3 4 1
3 5 1
3 7 13
3 8 26
3 9 42
3 10 35
3 11 17
3 12 23
3 14 10
3 15 39
3 16 45
4 1 27
4 3 1
4 5 9
4 6 12
4 7 34
4 8 17
4 9 17
4 10 17
4 11 39
4 12 36
4 13 37
4 14 21
4 16 50
4 17 23
4 18 35
4 19 48
5 1 19
5 2 41
5 3 1
5 4 9
5 6 29
5 10 30
5 11 49
5 13 20
5 14 6
5 15 7
5 16 11
5 17 21
5 18 17
5 19 49
6 2 37
6 4 12
6 5 29
6 7 50
6 8 22
6 9 8
6 11 39
6 13 30
6 14 45
6 15 45
6 16 13
6 17 38
6 18 10
6 19 49
7 1 3
7 2 1
7 3 13
7 4 34
7 6 50
7 8 40
7 9 25
7 11 34
7 12 22
7 15 18
7 17 42
7 18 32
8 1 20
8 3 26
8 4 17
8 6 22
8 7 40
8 9 10
8 11 21
8 13 13
8 14 19
8 16 32
8 17 35
8 18 26
8 19 50
9 1 3
9 2 41
9 3 42
9 4 17
9 6 8
9 7 25
9 8 10
9 10 30
9 11 14
9 12 41
9 13 8
9 14 47
9 16 43
9 17 35
9 18 46
9 19 45
10 1 38
10 2 20
10 3 35
10 4 17
10 5 30
10 9 30
10 12 33
10 14 21
10 15 1
10 16 6
10 17 11
10 19 29
11 1 33
11 3 17
11 4 39
11 5 49
11 6 39
11 7 34
11 8 21
11 9 14
11 12 28
11 15 20
11 16 22
11 17 36
11 19 42
12 1 22
12 2 21
12 3 23
12 4 36
12 7 22
12 9 41
12 10 33
12 11 28
12 14 20
12 15 50
12 16 12
12 17 8
12 18 20
13 1 22
13 2 28
13 4 37
13 5 20
13 6 30
13 8 13
13 9 8
13 14 25
13 17 37
13 19 21
14 3 10
14 4 21
14 5 6
14 6 45
14 8 19
14 9 47
14 10 21
14 12 20
14 13 25
14 15 8
14 16 4
14 17 41
14 18 1
14 19 42
15 1 4
15 2 13
15 3 39
15 5 7
15 6 45
15 7 18
15 10 1
15 11 20
15 12 50
15 14 8
15 16 36
15 17 17
15 18 28
15 19 28
16 1 33
16 2 17
16 3 45
16 4 50
16 5 11
16 6 13
16 8 32
16 9 43
16 10 6
16 11 22
16 12 12
16 14 4
16 15 36
16 17 3
16 18 28
16 19 39
17 1 38
17 2 11
17 4 23
17 5 21
17 6 38
17 7 42
17 8 35
17 9 35
17 10 11
17 11 36
17 12 8
17 13 37
17 14 41
17 15 17
17 16 3
17 19 48
18 1 32
18 2 29
18 4 35
18 5 17
18 6 10
18 7 32
18 8 26
18 9 46
18 12 20
18 14 1
18 15 28
18 16 28
18 19 19
4 t 48
5 t 49
6 t 49
8 t 50
9 t 45
10 t 29
11 t 42
13 t 21
14 t 42
15 t 28
16 t 39
17 t 48
18 t 19
